1 0.466377 0.661158 0.186577 0.134787
1 0.579444 0.611346 0.114715 0.124238
1 0.386274 0.587904 0.113397 0.110173
1 0.424842 0.546882 0.085047 0.103141
1 0.563291 0.553915 0.102189 0.098453
1 0.500659 0.474801 0.073180 0.071496
1 0.638449 0.491210 0.074499 0.066807
1 0.701411 0.478317 0.064610 0.064463
1 0.796677 0.477145 0.073180 0.066807
1 0.539887 0.441397 0.051424 0.051571
1 0.558291 0.424903 0.042999 0.048719
1 0.568057 0.410503 0.038305 0.046835
1 0.539517 0.390719 0.038154 0.038491
1 0.554430 0.374839 0.036489 0.037952
1 0.503709 0.359362 0.039214 0.042528
1 0.447160 0.334329 0.034823 0.032300
1 0.477441 0.331234 0.032401 0.032569
1 0.497729 0.335810 0.033915 0.033646
1 0.610941 0.455845 0.062018 0.058339
0 0.674314 0.311871 0.011139 0.060480
0 0.697646 0.330871 0.011440 0.054592
0 0.745966 0.326590 0.015354 0.031043
0 0.244318 0.329686 0.014205 0.060045
0 0.301294 0.241302 0.011364 0.031425
