1 0.683940 0.541608 0.045491 0.066807
0 0.203607 0.315885 0.009032 0.068508
0 0.220466 0.312406 0.013849 0.073325
0 0.235820 0.314280 0.011440 0.069578
0 0.275259 0.310533 0.012042 0.041747
0 0.293925 0.317759 0.012645 0.069043
0 0.324934 0.314012 0.010838 0.066902
0 0.313644 0.313477 0.008129 0.061550
0 0.353534 0.318294 0.012645 0.054057
0 0.376716 0.316688 0.016859 0.057268
0 0.388307 0.278688 0.011741 0.035860
0 0.403962 0.296885 0.005720 0.026226
0 0.409983 0.297153 0.005118 0.022479
0 0.417058 0.296350 0.007225 0.024085
0 0.425488 0.296082 0.004817 0.024620
0 0.451529 0.292871 0.009333 0.032113
0 0.486753 0.295279 0.007526 0.032648
0 0.504215 0.297688 0.010537 0.025690
0 0.508881 0.108221 0.013247 0.059944
0 0.367835 0.095376 0.012343 0.048170
0 0.380780 0.096981 0.011139 0.059944
0 0.297236 0.091629 0.013849 0.069578
0 0.216402 0.094305 0.012946 0.080283
0 0.445809 0.075840 0.008129 0.039071
0 0.511591 0.076911 0.012645 0.050846
