1 0.724156 0.528715 0.114056 0.113690
1 0.555050 0.512893 0.104167 0.112518
1 0.279470 0.452532 0.081751 0.078528
1 0.334850 0.431435 0.047468 0.066807
1 0.396493 0.402719 0.074499 0.039850
2 0.394479 0.320167 0.042148 0.016057
0 0.807834 0.326054 0.010236 0.017127
0 0.793232 0.326322 0.009333 0.021944
0 0.778932 0.326054 0.011440 0.016057
0 0.796544 0.262364 0.010537 0.034254
0 0.786609 0.265040 0.009935 0.035324
0 0.776222 0.265842 0.009032 0.032648
0 0.775018 0.238814 0.009634 0.026761
0 0.798802 0.228110 0.009634 0.026761
0 0.798802 0.228110 0.009634 0.026761
0 0.745213 0.185827 0.009634 0.026761
0 0.741901 0.215264 0.009634 0.026761
0 0.872561 0.224898 0.009634 0.026761
0 0.879185 0.256476 0.009634 0.026761
0 0.901463 0.259687 0.009634 0.026761
0 0.636230 0.251124 0.009634 0.026761
0 0.332460 0.244166 0.009634 0.026761
