1 0.105021 0.879839 0.210041 0.238471
0 0.089214 0.875348 0.044523 0.038331
0 0.123516 0.843489 0.029122 0.020410
0 0.145637 0.826314 0.024642 0.018917
0 0.162998 0.810882 0.021841 0.014934
0 0.175879 0.798437 0.014561 0.011947
0 0.294047 0.807397 0.040323 0.041816
0 0.390964 0.942170 0.109829 0.113808
0 0.451540 0.810386 0.056612 0.032206
0 0.372736 0.780193 0.045743 0.021739
0 0.902706 0.939999 0.193546 0.059547
0 0.904291 0.841321 0.190376 0.031273
0 0.329445 0.770050 0.027188 0.016018
0 0.372202 0.761128 0.036988 0.015034
0 0.030649 0.930403 0.061298 0.047568
