1 0.611242 0.749679 0.245665 0.036930
0 0.528149 0.760918 0.065631 0.023014
0 0.685302 0.802398 0.090318 0.029972
0 0.682159 0.944089 0.184584 0.109971
0 0.292720 0.868765 0.060814 0.109184
0 0.323730 0.776440 0.012042 0.026226
0 0.310483 0.752087 0.022278 0.014986
1 0.039484 0.790084 0.078968 0.027825
1 0.130299 0.810158 0.232719 0.125776
0 0.129439 0.833358 0.036417 0.018079
0 0.169360 0.811859 0.026935 0.011727
0 0.199387 0.795857 0.022400 0.011971
0 0.218283 0.784741 0.014842 0.009772
0 0.232712 0.775579 0.014017 0.008551
0 0.241172 0.768843 0.009635 0.006019
2 0.111150 0.831858 0.222299 0.173304
0 0.284550 0.740385 0.014760 0.008809
