1 0.754782 0.774220 0.489394 0.069955
0 0.930150 0.859194 0.138659 0.031170
0 0.621528 0.794545 0.136218 0.040361
0 0.559428 0.864138 0.131210 0.076270
0 0.282140 0.956622 0.044840 0.084904
0 0.309794 0.821351 0.024254 0.054920
0 0.312218 0.774849 0.015060 0.023985
0 0.292059 0.755606 0.021178 0.010598
0 0.268527 0.745426 0.022120 0.011435
1 0.119164 0.835124 0.238328 0.160711
0 0.028960 0.912291 0.057919 0.037266
0 0.185931 0.810408 0.022904 0.013108
0 0.204913 0.797858 0.016315 0.008088
0 0.218326 0.788097 0.014590 0.008088
0 0.228698 0.780231 0.010833 0.008056
0 0.235807 0.773796 0.007865 0.006481
2 0.092391 0.887408 0.184781 0.223331
