1 0.782658 0.792149 0.433641 0.057434
0 0.687427 0.830767 0.186693 0.054429
0 0.581345 0.939436 0.141098 0.119276
0 0.286514 0.863009 0.059813 0.079505
0 0.314023 0.786638 0.013898 0.020964
1 0.118751 0.825229 0.237502 0.135498
0 0.083221 0.865471 0.049609 0.019598
0 0.147341 0.836573 0.036110 0.015399
0 0.182493 0.819253 0.026494 0.011991
0 0.206518 0.805902 0.018636 0.010508
0 0.222060 0.795517 0.013003 0.007541
0 0.229918 0.788038 0.011752 0.008159
0 0.235237 0.781548 0.009457 0.006552
0 0.238227 0.775800 0.005980 0.005934
0 0.239827 0.771349 0.004589 0.004698
0 0.297438 0.765168 0.018566 0.013598
