0 0.800942 0.936032 0.374432 0.126083
0 0.793337 0.826695 0.213738 0.041929
0 0.563876 0.783892 0.088935 0.029700
0 0.516706 0.828878 0.034886 0.028826
1 0.771482 0.777254 0.455994 0.054858
0 0.339574 0.876922 0.029481 0.074249
0 0.327535 0.805730 0.020145 0.038435
0 0.316197 0.775823 0.016353 0.017346
1 0.123708 0.862665 0.247416 0.194450
0 0.121949 0.888327 0.034081 0.024431
0 0.164619 0.856445 0.026797 0.018323
0 0.210724 0.818821 0.021163 0.014903
0 0.225635 0.803797 0.013330 0.010261
0 0.236285 0.795124 0.009894 0.007574
0 0.241233 0.788447 0.007019 0.005865
0 0.245760 0.783705 0.007090 0.005865
0 0.249410 0.778152 0.006247 0.003744
2 0.156002 0.885802 0.120040 0.218695
