1 0.679582 0.790925 0.337187 0.048636
0 0.559502 0.800926 0.092054 0.027724
0 0.484454 0.866498 0.088720 0.087312
0 0.205217 0.967626 0.069849 0.062897
0 0.029350 0.886887 0.058699 0.022773
0 0.106137 0.851351 0.040822 0.016266
0 0.153646 0.826702 0.028857 0.012012
0 0.181805 0.811525 0.021889 0.009808
0 0.199868 0.800188 0.013288 0.008015
0 0.213037 0.790011 0.011864 0.008120
0 0.221550 0.783103 0.008246 0.005695
1 0.222410 0.764068 0.024915 0.030267
1 0.114714 0.823491 0.229427 0.138574
2 0.118533 0.803342 0.106170 0.038156
