0 0.356468 0.822280 0.044412 0.054551
0 0.443677 0.955538 0.102552 0.087073
1 0.147052 0.883760 0.252489 0.230627
0 0.032652 0.972783 0.065304 0.052582
0 0.110126 0.905686 0.054587 0.035909
0 0.162126 0.864583 0.037059 0.021961
0 0.190922 0.842177 0.033888 0.020477
0 0.213041 0.824371 0.022035 0.015135
0 0.228482 0.812352 0.019197 0.009497
2 0.263288 0.796029 0.071114 0.045109
0 0.397487 0.779860 0.033620 0.015432
0 0.439167 0.790393 0.053599 0.021311
0 0.696724 0.810408 0.040474 0.017012
0 0.970784 0.846025 0.057391 0.018917
0 0.981324 0.954583 0.036310 0.025861
1 0.835202 0.788554 0.328555 0.037720
