1 0.734728 0.793214 0.529502 0.066847
0 0.652103 0.826138 0.112792 0.035975
0 0.485735 0.782201 0.024881 0.012975
0 0.570019 0.926976 0.177327 0.144196
0 0.297138 0.848033 0.040532 0.057645
0 0.309767 0.789237 0.016089 0.018702
0 0.291615 0.771635 0.021040 0.013568
1 0.115589 0.840117 0.231178 0.116428
0 0.053630 0.880271 0.056621 0.022552
0 0.124381 0.851118 0.034344 0.012285
0 0.169142 0.830308 0.027537 0.011735
0 0.196215 0.815823 0.020008 0.009534
0 0.214779 0.804639 0.014645 0.007701
0 0.224783 0.797030 0.011757 0.006051
2 0.134746 0.807022 0.126650 0.042904
