1 0.842993 0.786415 0.312973 0.029049
0 0.978018 0.840332 0.042922 0.016995
0 0.793082 0.815511 0.101156 0.023014
0 0.702162 0.799722 0.046965 0.013916
0 0.640294 0.839060 0.111693 0.045493
0 0.479227 0.930440 0.090619 0.137267
0 0.422477 0.825145 0.032514 0.028367
0 0.402156 0.794905 0.022579 0.023550
2 0.321321 0.847624 0.067437 0.130058
1 0.185446 0.925891 0.194076 0.146366
1 0.278721 0.821666 0.096640 0.098480
0 0.175759 0.912920 0.071351 0.043353
0 0.077277 0.981286 0.072023 0.035576
1 0.136320 0.815511 0.120123 0.043353
