0 0.914395 0.858157 0.170167 0.052338
0 0.543987 0.769468 0.074953 0.022851
1 0.746234 0.769760 0.506490 0.062740
0 0.710480 0.984834 0.065247 0.028480
0 0.255701 0.917679 0.111136 0.162790
0 0.319855 0.786172 0.014309 0.030016
0 0.311126 0.755902 0.020318 0.015263
0 0.290093 0.743183 0.021177 0.011193
1 0.122010 0.819066 0.244019 0.133452
2 0.106556 0.815917 0.213112 0.137329
0 0.074216 0.855115 0.051487 0.022036
0 0.136549 0.826617 0.036232 0.015467
0 0.177429 0.807335 0.025744 0.011654
0 0.202338 0.793351 0.019546 0.008687
0 0.222480 0.781592 0.015732 0.008475
0 0.234399 0.774070 0.010965 0.006145
0 0.241297 0.767359 0.008404 0.005406
0 0.244725 0.761903 0.004755 0.004522
