0 0.456817 0.951131 0.069884 0.095886
0 0.404074 0.828176 0.040876 0.037506
0 0.384975 0.791356 0.021901 0.023884
0 0.368779 0.771725 0.021533 0.017341
0 0.057448 0.968913 0.114896 0.060323
0 0.188788 0.883785 0.047298 0.027483
1 0.136155 0.934231 0.192317 0.129685
1 0.252834 0.816058 0.105087 0.106661
2 0.275655 0.872988 0.089628 0.195655
0 0.668765 0.852539 0.178703 0.067072
0 0.709438 0.798717 0.116865 0.023557
0 0.872221 0.823420 0.095333 0.020612
1 0.814370 0.774454 0.370218 0.040490
0 0.446338 0.773008 0.035038 0.023008
1 0.103851 0.812009 0.073548 0.033670
