1 0.757641 0.771753 0.483676 0.069463
0 0.873827 0.837270 0.251304 0.046967
0 0.580128 0.781735 0.115296 0.035613
0 0.524929 0.831988 0.075231 0.049066
0 0.804487 0.960640 0.206108 0.076868
0 0.306357 0.929329 0.036948 0.128205
0 0.315378 0.805700 0.016213 0.046476
0 0.309197 0.768230 0.014794 0.018374
1 0.119082 0.840704 0.238165 0.174851
0 0.240192 0.761458 0.005339 0.005662
0 0.239630 0.765621 0.007400 0.005329
0 0.237522 0.769701 0.008618 0.006162
0 0.232605 0.775446 0.010585 0.006994
0 0.225626 0.782108 0.012927 0.007661
0 0.214994 0.790351 0.013583 0.008493
0 0.202675 0.800260 0.017611 0.011324
0 0.181317 0.816913 0.025292 0.016653
0 0.153824 0.837397 0.033067 0.021982
0 0.104785 0.870454 0.040280 0.024813
0 0.028833 0.925326 0.057666 0.039968
2 0.095515 0.887500 0.191030 0.223148
