0 0.362869 0.924174 0.173391 0.149801
0 0.257054 0.800047 0.047468 0.046882
0 0.435720 0.814112 0.116034 0.051571
0 0.329262 0.779887 0.040593 0.016653
0 0.285297 0.767786 0.030850 0.013767
1 0.472966 0.764183 0.206598 0.038948
0 0.522115 0.795414 0.088459 0.029394
0 0.375785 0.770429 0.048776 0.017637
0 0.321749 0.758728 0.039699 0.015146
2 0.170306 0.780152 0.071114 0.036503
1 0.125651 0.829416 0.090979 0.145121
0 0.085003 0.859687 0.010350 0.017509
0 0.102280 0.833274 0.026209 0.018697
0 0.120560 0.816061 0.020366 0.015729
0 0.134665 0.804636 0.016193 0.010090
0 0.144431 0.794545 0.015358 0.008903
