0 0.629606 0.913723 0.204118 0.129523
0 0.681690 0.812299 0.187259 0.059409
0 0.510086 0.764397 0.043353 0.017127
1 0.688764 0.767341 0.373615 0.056198
0 0.303938 0.842738 0.041721 0.082412
0 0.318304 0.777475 0.011574 0.026325
0 0.301156 0.755462 0.022212 0.017096
0 0.273072 0.744720 0.023744 0.019214
2 0.087413 0.868481 0.174827 0.174264
1 0.168877 0.797835 0.148523 0.094516
0 0.163467 0.822151 0.031374 0.017859
0 0.190359 0.805665 0.019937 0.011265
0 0.210760 0.793988 0.018082 0.010441
0 0.225519 0.783410 0.012055 0.007968
0 0.234245 0.775741 0.007969 0.007407
0 0.239922 0.771204 0.005260 0.006667
0 0.243724 0.765926 0.005885 0.005741
