1 0.747828 0.792917 0.416173 0.057486
0 0.759923 0.853037 0.248815 0.075039
0 0.599571 0.962165 0.091676 0.073819
0 0.267393 0.895299 0.086727 0.109351
0 0.315014 0.792784 0.008261 0.024266
0 0.302474 0.767824 0.017448 0.015463
0 0.030012 0.890605 0.060023 0.025900
0 0.113746 0.853050 0.046984 0.016835
0 0.164190 0.831197 0.029138 0.013921
0 0.195422 0.813552 0.025677 0.011008
0 0.214372 0.801689 0.017342 0.008038
0 0.226047 0.792888 0.011275 0.007530
0 0.233345 0.784595 0.010302 0.006614
0 0.238038 0.778948 0.008242 0.005902
0 0.240385 0.773403 0.006525 0.005596
1 0.234776 0.760836 0.020833 0.020350
1 0.120021 0.824685 0.240041 0.137464
2 0.102879 0.810236 0.205757 0.076490
