1 0.753746 0.794450 0.491466 0.066287
0 0.870811 0.889546 0.257335 0.077645
0 0.538078 0.791394 0.075937 0.022954
0 0.478992 0.847806 0.053178 0.049409
0 0.226562 0.945129 0.097164 0.107890
0 0.301143 0.771645 0.014935 0.020217
1 0.225965 0.761251 0.027122 0.027090
1 0.116757 0.821188 0.233514 0.139140
0 0.229818 0.778241 0.009427 0.005926
0 0.223750 0.784815 0.010833 0.005741
0 0.214609 0.793194 0.013802 0.007130
0 0.200625 0.803611 0.019167 0.008704
0 0.178672 0.816111 0.024740 0.010185
0 0.144479 0.834861 0.031354 0.013611
0 0.087410 0.861039 0.053306 0.017395
0 0.012949 0.893457 0.025899 0.013014
2 0.115998 0.805877 0.130660 0.045226
