0 0.926263 0.914578 0.146433 0.056669
0 0.938914 0.828045 0.121131 0.029106
0 0.780506 0.802910 0.064732 0.023810
0 0.649554 0.821429 0.070685 0.031746
0 0.528646 0.918849 0.127976 0.160450
0 0.453723 0.812234 0.030738 0.023983
0 0.437329 0.789921 0.021175 0.018215
0 0.496158 0.775956 0.018272 0.011536
0 0.515540 0.764268 0.022199 0.010625
2 0.364071 0.828021 0.074454 0.096843
1 0.233009 0.915900 0.211578 0.166348
1 0.331796 0.809199 0.064208 0.078628
0 0.266650 0.874013 0.039105 0.027322
0 0.200905 0.922890 0.063354 0.042502
1 0.191428 0.815422 0.074454 0.023072
0 0.110492 0.989671 0.044044 0.018807
